# logA ns H0 tau ombh2 omch2 acritical Tcal Ecal A_planck P_act
1.076186853270500317e-04 5.437632119858381896e-06 -7.441974578096373577e-04 4.946569425529823074e-05 1.911058948527184475e-07 -3.283814380906676641e-06 -1.832174477270873429e-04 5.063352628387945521e-06 2.512062605977065034e-06 8.062929739079136498e-06 8.747024705080866028e-08
5.437632119858381896e-06 9.272479607756956905e-06 -3.250033200743867592e-05 3.833739357657763190e-06 -1.127946232699615739e-08 -1.039433149990321936e-06 -3.688747476588514210e-05 1.755943784929720940e-06 -1.589902835327705324e-07 9.998108919907604162e-07 3.415280185333338967e-07
-7.441974578096373577e-04 -3.250033200743867592e-05 2.243643845453372199e-01 -2.034454655165833308e-04 5.715990964068626433e-06 2.365067575445071335e-05 1.884928837580752622e-02 -1.489944281447613740e-04 -7.959529633650971935e-05 -2.059054078151310993e-04 -1.819162401798153650e-05
4.946569425529823074e-05 3.833739357657763190e-06 -2.034454655165833308e-04 3.088873319590007733e-05 5.815220165919675199e-08 -1.319077053121112457e-06 -6.379791051632092210e-05 -2.839356662290469194e-06 -1.435569680855500087e-06 -4.476743380044127110e-06 -1.163832773181838896e-08
1.911058948527184475e-07 -1.127946232699615739e-08 5.715990964068626433e-06 5.815220165919676523e-08 8.571183906134904303e-09 -1.615039576246244070e-08 -7.008730894691890565e-07 2.130344419354842621e-08 -3.391349146432635064e-08 4.127466218200539271e-08 -2.813076175075380462e-08
-3.283814380906676641e-06 -1.039433149990321936e-06 2.365067575445071335e-05 -1.319077053121112457e-06 -1.615039576246244070e-08 5.326050406230982510e-07 1.990776981464829719e-05 -6.814650079283768764e-07 -3.328984331144701003e-07 -1.011335657261184751e-06 -3.551187299006996459e-08
-1.832174477270873158e-04 -3.688747476588514210e-05 1.884928837580752622e-02 -6.379791051632092210e-05 -7.008730894691891624e-07 1.990776981464829719e-05 2.308398893399923185e-03 -3.646300748863605374e-05 -1.494610747597095730e-05 -5.221403757343916370e-05 -4.784436070334386867e-07
5.063352628387945521e-06 1.755943784929720940e-06 -1.489944281447613740e-04 -2.839356662290469194e-06 2.130344419354842621e-08 -6.814650079283768764e-07 -3.646300748863605374e-05 8.624244521106815494e-06 -2.263509249116008361e-06 6.307446733034799466e-06 1.576957676946566830e-07
2.512062605977065034e-06 -1.589902835327705324e-07 -7.959529633650971935e-05 -1.435569680855500087e-06 -3.391349146432635064e-08 -3.328984331144701003e-07 -1.494610747597095730e-05 -2.263509249116008361e-06 1.661201143811692922e-05 3.083803511077952174e-06 2.584468653974011224e-07
8.062929739079136498e-06 9.998108919907604162e-07 -2.059054078151310993e-04 -4.476743380044127110e-06 4.127466218200539271e-08 -1.011335657261184751e-06 -5.221403757343916370e-05 6.307446733034799466e-06 3.083803511077952174e-06 1.032762382146457039e-05 -1.822424655718034522e-07
8.747024705080866028e-08 3.415280185333338967e-07 -1.819162401798153650e-05 -1.163832773181840881e-08 -2.813076175075380462e-08 -3.551187299006996459e-08 -4.784436070334382632e-07 1.576957676946566830e-07 2.584468653974011224e-07 -1.822424655718034522e-07 6.211659413568909903e-06
