# logA ns H0 tau ombh2 omch2 acritical Tcal Ecal A_planck P_act
1.042355459514697903e-04 6.773883355011110881e-06 -1.016206320924003485e-03 4.788372298191737113e-05 1.306571389038810880e-07 -3.733953345283597019e-06 -1.701362140831435589e-04 5.111873429620028321e-06 2.969656077771334395e-06 8.747610697419677778e-06 3.536084409193050875e-07
6.773883355011110881e-06 8.989642584235772228e-06 -2.209892468251869113e-04 3.806919157054127799e-06 -1.048874667938784612e-08 -1.229307379505560094e-06 -4.545551280692600995e-05 1.905993659729791326e-06 6.717214694595505430e-07 1.809296986014801961e-06 5.461648028957378351e-07
-1.016206320924003485e-03 -2.209892468251869113e-04 2.407120288306601463e-01 -3.227306475040042123e-04 1.754650613944450636e-06 1.015457614010070806e-04 1.754629608754190717e-02 -1.806154673982277785e-04 -1.310302819375807823e-04 -3.285525739938703594e-04 -2.403332199191378230e-05
4.788372298191737113e-05 3.806919157054127799e-06 -3.227306475040042123e-04 2.982285001702885397e-05 3.034165640758393362e-08 -1.470703621847957338e-06 -6.075358873900013005e-05 -2.714038949339531378e-06 -1.103327583960877445e-06 -3.995116526110094908e-06 2.441711370682214006e-07
1.306571389038810880e-07 -1.048874667938784612e-08 1.754650613944450636e-06 3.034165640758393362e-08 8.352333629673894883e-09 -1.087558094518517406e-08 -6.767301640988857611e-07 1.159552637589383075e-08 -3.189206089426186118e-08 3.094076375956514161e-08 -2.925608393603722122e-08
-3.733953345283597019e-06 -1.229307379505560094e-06 1.015457614010070806e-04 -1.470703621847957338e-06 -1.087558094518517406e-08 6.233873397993920633e-07 2.261338143557455757e-05 -7.050553163051997790e-07 -5.778883295963921082e-07 -1.188338148121849095e-06 -1.598666794022519878e-07
-1.701362140831435589e-04 -4.545551280692600995e-05 1.754629608754190717e-02 -6.075358873900013005e-05 -6.767301640988857611e-07 2.261338143557455757e-05 1.759778881751888988e-03 -3.048474545017182405e-05 -2.060009628553498463e-05 -5.238832798397835598e-05 -3.835956520624772377e-06
5.111873429620028321e-06 1.905993659729791326e-06 -1.806154673982277785e-04 -2.714038949339531378e-06 1.159552637589383075e-08 -7.050553163051997790e-07 -3.048474545017182405e-05 8.473758179488697455e-06 -2.293229741146060365e-06 6.157492425846046860e-06 1.724428241678830695e-07
2.969656077771334395e-06 6.717214694595505430e-07 -1.310302819375807823e-04 -1.103327583960877234e-06 -3.189206089426186118e-08 -5.778883295963921082e-07 -2.060009628553498463e-05 -2.293229741146060365e-06 1.694960706604017764e-05 3.422126766011888663e-06 3.150441991727606604e-07
8.747610697419677778e-06 1.809296986014801961e-06 -3.285525739938703594e-04 -3.995116526110094908e-06 3.094076375956514161e-08 -1.188338148121849095e-06 -5.238832798397835598e-05 6.157492425846046860e-06 3.422126766011888663e-06 1.053621344950073030e-05 -1.558910797473631873e-07
3.536084409193050875e-07 5.461648028957378351e-07 -2.403332199191378230e-05 2.441711370682214006e-07 -2.925608393603722122e-08 -1.598666794022519878e-07 -3.835956520624771530e-06 1.724428241678830695e-07 3.150441991727606604e-07 -1.558910797473631873e-07 6.346395190427631830e-06
