# logA ns H0 tau ombh2 omch2 w wa Tcal Ecal A_planck P_act
1.009672085571547114e-04 6.331373766569383996e-06 -1.728131372511022888e-04 4.664485828810377920e-05 1.053551625850915137e-07 -3.514010484794558899e-06 -1.132762755123000039e-04 7.166622756555686468e-04 4.683069555691243146e-06 3.328913395145377961e-06 8.103170086566638671e-06 5.674342005796103868e-07
6.331373766569383996e-06 9.014799741979150053e-06 -6.099537655506652792e-05 4.302058049183609255e-06 -2.794050334822051351e-10 -1.166735961738182533e-06 -2.220129210042466513e-05 1.714549993200841773e-04 1.621923745829746845e-06 1.520503370949533396e-07 1.022955422436475931e-06 3.851749791812616721e-07
-1.728131372511022888e-04 -6.099537655506652792e-05 3.108211055227735886e-01 -7.715244673886354930e-05 5.405169198088211502e-06 5.516697885754734206e-06 -1.701616372969089533e-02 2.466600015342671967e-02 -2.367340225095414334e-06 -9.903172178834862083e-05 -3.082933975889186405e-05 4.705737036202665964e-06
4.664485828810377920e-05 4.302058049183609255e-06 -7.715244673886354930e-05 2.878009992408271626e-05 3.500572952293036050e-08 -1.624517108875573811e-06 -4.941990443642542706e-05 3.160795741381336086e-04 -2.127100546102699784e-06 -6.356437179754619652e-07 -3.287440114622435489e-06 2.986613594802223205e-07
1.053551625850915137e-07 -2.794050334822051351e-10 5.405169198088211502e-06 3.500572952293036050e-08 7.874172642425533115e-09 -1.662987947727943339e-08 -4.771063232922321020e-07 3.232136981778863461e-06 8.680864430289788905e-09 -3.066312056172629688e-08 2.086046629603541358e-08 -2.448455306937706767e-08
-3.514010484794558899e-06 -1.166735961738182533e-06 5.516697885754734206e-06 -1.624517108875573811e-06 -1.662987947727943339e-08 5.947057928290172363e-07 1.000153795298156328e-05 -7.817015298318509889e-05 -5.547077360390950853e-07 -4.086722803363105984e-07 -8.771537165174188336e-07 -1.099703683317022542e-07
-1.132762755123000039e-04 -2.220129210042466513e-05 -1.701616372969089533e-02 -4.941990443642542706e-05 -4.771063232922321020e-07 1.000153795298156328e-05 3.035454541010170620e-03 -1.056875912086490538e-02 -1.177337202036780833e-05 -4.382692932910324698e-06 -1.860284532690157879e-05 -3.052790417194624969e-06
7.166622756555686468e-04 1.714549993200841773e-04 2.466600015342671967e-02 3.160795741381336086e-04 3.232136981778863461e-06 -7.817015298318509889e-05 -1.056875912086490538e-02 4.472183893503419577e-02 8.301892931560653438e-05 5.134822243210564278e-05 1.342693517898180451e-04 1.653345710739557086e-05
4.683069555691243146e-06 1.621923745829746845e-06 -2.367340225095414334e-06 -2.127100546102699784e-06 8.680864430289788905e-09 -5.547077360390950853e-07 -1.177337202036780833e-05 8.301892931560654794e-05 7.782887565881860560e-06 -2.259679831673371226e-06 5.206678575369805638e-06 4.026107737982067801e-08
3.328913395145377961e-06 1.520503370949533396e-07 -9.903172178834862083e-05 -6.356437179754619652e-07 -3.066312056172629688e-08 -4.086722803363105984e-07 -4.382692932910324698e-06 5.134822243210564955e-05 -2.259679831673371226e-06 1.598908457504987033e-05 2.754583425296875912e-06 4.809020982625194509e-07
8.103170086566638671e-06 1.022955422436475931e-06 -3.082933975889186405e-05 -3.287440114622435489e-06 2.086046629603541358e-08 -8.771537165174188336e-07 -1.860284532690157540e-05 1.342693517898180451e-04 5.206678575369805638e-06 2.754583425296875912e-06 9.026542488407702223e-06 -1.853279231045758678e-07
5.674342005796103868e-07 3.851749791812616721e-07 4.705737036202665964e-06 2.986613594802222676e-07 -2.448455306937706767e-08 -1.099703683317022542e-07 -3.052790417194624969e-06 1.653345710739557425e-05 4.026107737982067801e-08 4.809020982625194509e-07 -1.853279231045758678e-07 6.107911073278386946e-06
