# logA ns H0 tau ombh2 omch2 w wa Tcal Ecal A_planck P_act
1.000025453727145951e-04 6.116636510697146765e-06 4.339009563019201419e-05 4.745442844305623704e-05 1.833534268759156566e-07 -3.206564367053027175e-06 -9.201641456288879985e-05 5.894398888999313963e-04 4.242996043794508450e-06 1.299462443558155152e-06 6.231202430409709280e-06 -2.399670918717852947e-07
6.116636510697146765e-06 8.959489058821211416e-06 1.010868954331776797e-05 4.032168892272464596e-06 -1.260122203589819046e-08 -1.088630262398176767e-06 -2.096338046544955308e-05 1.484974068158797145e-04 1.613808655355980275e-06 1.024431682353166188e-07 1.188936180747439572e-06 5.395771872404967196e-07
4.339009563019201419e-05 1.010868954331776797e-05 2.816163736414704077e-01 7.794879381227380068e-05 2.603161269443259881e-06 7.087516679069529920e-06 -1.499929433657111802e-02 2.070419796772263871e-02 -1.220757958395728950e-05 -3.088844696536548261e-05 -6.075859895830225724e-05 7.683210908846511758e-06
4.745442844305623704e-05 4.032168892272464596e-06 7.794879381227380068e-05 3.053658511142563308e-05 4.955667410641827503e-08 -1.298875575592623409e-06 -3.731864511877314373e-05 2.255120148902207077e-04 -2.858519599923273831e-06 -2.230151697642461213e-06 -5.126516700316237186e-06 3.206958314655624340e-09
1.833534268759156566e-07 -1.260122203589819046e-08 2.603161269443259881e-06 4.955667410641827503e-08 8.861188620588561482e-09 -1.675098141469895608e-08 -2.795126864257024493e-07 2.942859108230501934e-06 2.277933957707916346e-08 -3.154034856560969320e-08 4.361827665194825872e-08 -3.231456170093731749e-08
-3.206564367053027175e-06 -1.088630262398176767e-06 7.087516679069529920e-06 -1.298875575592623197e-06 -1.675098141469895608e-08 5.586938351588147835e-07 8.923371800821954170e-06 -7.147673244019600971e-05 -6.519606202363250992e-07 -3.362495110940320752e-07 -1.035971932173685746e-06 -8.766682226339499610e-08
-9.201641456288879985e-05 -2.096338046544955308e-05 -1.499929433657111802e-02 -3.731864511877315050e-05 -2.795126864257025023e-07 8.923371800821954170e-06 2.922669259628458190e-03 -1.038520163553189463e-02 -1.487942188511195815e-05 -3.733089529235188773e-06 -2.009979719362997198e-05 -2.512222208538269051e-06
5.894398888999316131e-04 1.484974068158797145e-04 2.070419796772263871e-02 2.255120148902207619e-04 2.942859108230501934e-06 -7.147673244019600971e-05 -1.038520163553189810e-02 4.431212106002178908e-02 1.051357500896994208e-04 3.531720239504221434e-05 1.572922747332655539e-04 1.192598584939966874e-05
4.242996043794508450e-06 1.613808655355980275e-06 -1.220757958395728950e-05 -2.858519599923273831e-06 2.277933957707916346e-08 -6.519606202363250992e-07 -1.487942188511195815e-05 1.051357500896994208e-04 8.165603570159728645e-06 -2.156999959078129275e-06 5.840995605247331613e-06 -1.706433757178059267e-08
1.299462443558155152e-06 1.024431682353166188e-07 -3.088844696536548261e-05 -2.230151697642461213e-06 -3.154034856560969320e-08 -3.362495110940320752e-07 -3.733089529235188773e-06 3.531720239504221434e-05 -2.156999959078129275e-06 1.644425646614946880e-05 3.347266678520710277e-06 1.646445430971793881e-07
6.231202430409709280e-06 1.188936180747439572e-06 -6.075859895830225724e-05 -5.126516700316237186e-06 4.361827665194825872e-08 -1.035971932173685746e-06 -2.009979719362997198e-05 1.572922747332655539e-04 5.840995605247331613e-06 3.347266678520710277e-06 1.014162704891382688e-05 -3.039475562220242170e-07
-2.399670918717852947e-07 5.395771872404967196e-07 7.683210908846511758e-06 3.206958314655624340e-09 -3.231456170093731749e-08 -8.766682226339499610e-08 -2.512222208538269051e-06 1.192598584939966874e-05 -1.706433757178059267e-08 1.646445430971793881e-07 -3.039475562220242170e-07 6.267540832307239621e-06
