# logA ns H0 tau ombh2 omch2 Tcal Ecal A_planck P_act
8.740585817890507588e-05 1.804986991333572806e-06 6.682598757754348515e-04 4.118475046397168437e-05 8.947643907361682884e-08 -1.618933028432861395e-06 2.187027227149642098e-06 1.259630768711490090e-06 4.334872009279875984e-06 2.425172808340285665e-07
1.804986991333572806e-06 8.158662555960672719e-06 2.429941415899162897e-04 2.167137060763968811e-06 -2.458394874954269785e-08 -6.900997833149761091e-07 1.131239296878887419e-06 1.204354490802131403e-07 2.840078141048585741e-07 3.504023636820263332e-07
6.682598757754348515e-04 2.429941415899162897e-04 6.141090981284431927e-02 2.925263919698328232e-04 1.066977253011626203e-05 -1.303774584493862438e-04 1.058695476589752973e-04 6.496212690510024446e-05 1.853302169184246721e-04 8.721862593738719904e-06
4.118475046397168437e-05 2.167137060763968811e-06 2.925263919698328232e-04 2.755089206245161270e-05 3.050551943897559670e-08 -7.534094174711319252e-07 -4.090533264019513538e-06 -2.195202391558784308e-06 -5.943519667034725190e-06 1.443600070905228900e-07
8.947643907361682884e-08 -2.458394874954269785e-08 1.066977253011626203e-05 3.050551943897559670e-08 8.387174325497549793e-09 -7.940813913989007209e-09 -5.750833912596368908e-09 -3.451861083172818788e-08 6.897426564214299739e-09 -2.517263962795239240e-08
-1.618933028432861395e-06 -6.900997833149761091e-07 -1.303774584493862438e-04 -7.534094174711319252e-07 -7.940813913989007209e-09 3.502861745203130562e-07 -2.903400894463765658e-07 -2.622923067844758603e-07 -5.038479968684371373e-07 -3.516656640802429443e-08
2.187027227149642098e-06 1.131239296878887419e-06 1.058695476589752973e-04 -4.090533264019513538e-06 -5.750833912596368908e-09 -2.903400894463765658e-07 8.251771174130839660e-06 -2.138507372689067231e-06 5.566886780690434258e-06 9.703695443064236581e-08
1.259630768711490090e-06 1.204354490802131403e-07 6.496212690510024446e-05 -2.195202391558784308e-06 -3.451861083172818788e-08 -2.622923067844758603e-07 -2.138507372689067231e-06 1.641642967573959892e-05 3.160639117265487427e-06 2.752433390043848354e-07
4.334872009279875984e-06 2.840078141048585741e-07 1.853302169184246721e-04 -5.943519667034725190e-06 6.897426564214299739e-09 -5.038479968684371373e-07 5.566886780690434258e-06 3.160639117265487427e-06 9.337894215622768133e-06 -2.603462828770804200e-07
2.425172808340285665e-07 3.504023636820263332e-07 8.721862593738719904e-06 1.443600070905228900e-07 -2.517263962795239240e-08 -3.516656640802429443e-08 9.703695443064236581e-08 2.752433390043848354e-07 -2.603462828770804200e-07 5.868877078394043018e-06
