# logA ns H0 tau ombh2 omch2 w wa Tcal Ecal A_planck P_act
9.796277731330360302e-05 5.553905251787677939e-06 -1.203813498197081790e-04 4.542903906531961820e-05 1.475187920452644866e-07 -3.099596250807798478e-06 -1.152174766749901883e-04 6.901037063225552021e-04 4.513833860389179763e-06 1.559155706231678209e-06 7.182451695852298161e-06 -1.290259707753276680e-07
5.553905251787677939e-06 9.004947773871563378e-06 -5.521194430180654600e-05 3.692774189770609718e-06 -1.999244562900976031e-09 -1.105801235970996215e-06 -2.302556843236088440e-05 1.685091734115615138e-04 1.756337432051808418e-06 -1.416068025098048335e-07 1.148620161790704488e-06 5.343469780321739773e-07
-1.203813498197081790e-04 -5.521194430180654600e-05 2.912122363910814582e-01 -9.418206414876408711e-05 3.638544092883792738e-06 9.867482511784734259e-06 -1.573373625351440208e-02 2.225434906224323106e-02 -3.442009521016530223e-06 -2.474290534807458994e-05 1.154921262795301420e-05 1.118264009532126917e-05
4.542903906531961820e-05 3.692774189770609718e-06 -9.418206414876408711e-05 2.917276580444035005e-05 3.762960627280261780e-08 -1.270228570104004436e-06 -4.222089999416869409e-05 2.645970325215394854e-04 -3.058558892710365230e-06 -1.776713557071712157e-06 -4.766230896076854315e-06 1.076977331859543577e-07
1.475187920452644866e-07 -1.999244562900976031e-09 3.638544092883792738e-06 3.762960627280261780e-08 8.127646722230394521e-09 -1.559077285630587740e-08 -3.164360040684647765e-07 2.806226876896524235e-06 2.243362068044953405e-08 -3.348820193032377124e-08 3.798291681764802740e-08 -2.643459625038393354e-08
-3.099596250807798478e-06 -1.105801235970996215e-06 9.867482511784734259e-06 -1.270228570104004436e-06 -1.559077285630587740e-08 5.559943743859602791e-07 1.019629608017891567e-05 -7.678142899663213173e-05 -6.189361975929210820e-07 -3.038153917098062379e-07 -9.646815690508262189e-07 -9.704568944249816869e-08
-1.152174766749901883e-04 -2.302556843236088440e-05 -1.573373625351440208e-02 -4.222089999416869409e-05 -3.164360040684647765e-07 1.019629608017891567e-05 2.928298512770660753e-03 -1.033280528801346423e-02 -1.797144668808453257e-05 -2.984095677273347096e-06 -2.797183937799423839e-05 -4.033823870369489121e-06
6.901037063225552021e-04 1.685091734115615138e-04 2.225434906224323106e-02 2.645970325215394854e-04 2.806226876896524235e-06 -7.678142899663213173e-05 -1.033280528801346423e-02 4.397906501893079217e-02 1.135144900556164728e-04 2.933366629939594203e-05 1.731666494630481896e-04 1.709334656401225681e-05
4.513833860389179763e-06 1.756337432051808418e-06 -3.442009521016530223e-06 -3.058558892710365230e-06 2.243362068044953405e-08 -6.189361975929210820e-07 -1.797144668808453257e-05 1.135144900556164728e-04 8.643222765035728689e-06 -2.552697979490907800e-06 6.129757957226660947e-06 1.657811542015050057e-07
1.559155706231678209e-06 -1.416068025098048335e-07 -2.474290534807458994e-05 -1.776713557071712157e-06 -3.348820193032377124e-08 -3.038153917098062379e-07 -2.984095677273347096e-06 2.933366629939594203e-05 -2.552697979490907800e-06 1.627807871487163896e-05 2.891587465578127234e-06 1.926593376905196912e-07
7.182451695852298161e-06 1.148620161790704488e-06 1.154921262795301420e-05 -4.766230896076854315e-06 3.798291681764802740e-08 -9.646815690508262189e-07 -2.797183937799423839e-05 1.731666494630481896e-04 6.129757957226660947e-06 2.891587465578127234e-06 1.009197720839340658e-05 -2.791306020076510885e-07
-1.290259707753276680e-07 5.343469780321739773e-07 1.118264009532126917e-05 1.076977331859543577e-07 -2.643459625038393354e-08 -9.704568944249816869e-08 -4.033823870369489121e-06 1.709334656401225003e-05 1.657811542015050057e-07 1.926593376905196912e-07 -2.791306020076510885e-07 6.146978235435669391e-06
