# logA ns H0 tau ombh2 omch2 w wa Tcal Ecal A_planck P_act
1.031508350274158248e-04 5.841266111396219859e-06 1.128380862522241598e-04 4.659323095264769155e-05 1.972399652974100662e-07 -3.434226127056253676e-06 -5.957348125113303376e-05 4.404716488990391616e-04 5.641155183844474101e-06 2.655871046291561083e-06 8.990366302923056147e-06 -4.207172935851800821e-08
5.841266111396219859e-06 8.986062006500316802e-06 5.116091236253869325e-06 3.765593815302323112e-06 -8.494405767081182997e-09 -1.142143620599287124e-06 -8.392195382074180886e-06 9.777455762163611086e-05 1.648453056229841479e-06 1.523415377724896439e-07 1.351740874854569794e-06 3.377246459446202460e-07
1.128380862522241598e-04 5.116091236253869325e-06 2.740867836559184867e-01 9.404756434618823254e-05 1.819711430567102408e-06 -1.580475772083047706e-06 -1.301710238540435341e-02 1.326343275112492823e-02 -4.141292948815106809e-05 4.207371036302041904e-06 -3.365593619546150848e-05 2.101237355247406017e-06
4.659323095264769155e-05 3.765593815302323112e-06 9.404756434618825964e-05 2.919301567009869219e-05 6.829082286717985291e-08 -1.498534347248689619e-06 -2.391672434614743379e-05 1.745017555377409608e-04 -2.660646374687339993e-06 -1.270827499008695731e-06 -3.964990042482182218e-06 -2.981284240580078576e-08
1.972399652974100662e-07 -8.494405767081182997e-09 1.819711430567102408e-06 6.829082286717985291e-08 8.870087839636793489e-09 -1.398703129399717329e-08 -5.403812257365600471e-08 1.965877807905041745e-06 1.548567577021338468e-08 -4.149701781542635594e-08 2.841550030387692837e-08 -3.568010091729400398e-08
-3.434226127056253676e-06 -1.142143620599287124e-06 -1.580475772083047706e-06 -1.498534347248689619e-06 -1.398703129399717329e-08 5.619242227816871688e-07 5.202774209091977947e-06 -5.316135296249536692e-05 -5.692819045548526355e-07 -4.192678825455560953e-07 -9.441412903892645293e-07 -6.332102144681462945e-08
-5.957348125113303376e-05 -8.392195382074180886e-06 -1.301710238540435341e-02 -2.391672434614743379e-05 -5.403812257365600471e-08 5.202774209091977947e-06 1.615172611128806420e-03 -4.826005124489686320e-03 -5.727480397924036444e-06 -8.214117877094735762e-06 -1.220631745636085396e-05 -3.457093994311488245e-06
4.404716488990391074e-04 9.777455762163611086e-05 1.326343275112492823e-02 1.745017555377409608e-04 1.965877807905041745e-06 -5.316135296249536692e-05 -4.826005124489686320e-03 2.046152281978903115e-02 6.300892491060870401e-05 4.982424950071037115e-05 1.089418325866606252e-04 1.262003248773938955e-05
5.641155183844474101e-06 1.648453056229841479e-06 -4.141292948815106809e-05 -2.660646374687339993e-06 1.548567577021338468e-08 -5.692819045548526355e-07 -5.727480397924036444e-06 6.300892491060870401e-05 8.697776793210426662e-06 -2.380901149678190247e-06 6.223790901073208581e-06 1.640180655512467434e-07
2.655871046291561083e-06 1.523415377724896439e-07 4.207371036302041904e-06 -1.270827499008695731e-06 -4.149701781542635594e-08 -4.192678825455560953e-07 -8.214117877094735762e-06 4.982424950071037115e-05 -2.380901149678190247e-06 1.684838327820554528e-05 3.182010574991087219e-06 3.372512526176379172e-07
8.990366302923056147e-06 1.351740874854569794e-06 -3.365593619546150848e-05 -3.964990042482182218e-06 2.841550030387692837e-08 -9.441412903892645293e-07 -1.220631745636085396e-05 1.089418325866606252e-04 6.223790901073208581e-06 3.182010574991087219e-06 1.024262944727400645e-05 -1.789511351973631622e-07
-4.207172935851800821e-08 3.377246459446202460e-07 2.101237355247406017e-06 -2.981284240580078576e-08 -3.568010091729400398e-08 -6.332102144681462945e-08 -3.457093994311488245e-06 1.262003248773938785e-05 1.640180655512467434e-07 3.372512526176379172e-07 -1.789511351973631622e-07 5.940347111988658564e-06
