# logA ns H0 tau ombh2 omch2 w wa Tcal Ecal A_planck P_act
1.109241193284003888e-04 6.184668612834253244e-06 -1.711109931246762236e-02 4.971800219205611441e-05 1.850812055492307915e-07 -3.690823051868884029e-06 1.210516071913667291e-04 2.518243406712986944e-03 5.795745063964370660e-06 3.113105081128120091e-06 9.939047198312806248e-06 5.822274855703686688e-07
6.184668612834253244e-06 1.050115206852754791e-05 2.945716758646430965e-03 4.402872929269205039e-06 5.319136295260523052e-09 -1.806524558011960446e-06 3.995074386147466367e-05 -4.252511850761922442e-04 1.898247781291388961e-06 4.827893151441771314e-07 1.673237105587141375e-06 5.771112603366575086e-07
-1.711109931246762236e-02 2.945716758646430965e-03 8.657368424524022998e+01 -5.026309529671520691e-03 4.795822304926737384e-05 -1.330140588203360423e-03 -3.022185920965671624e+00 1.621756834410169601e+00 -1.344997388291260376e-03 2.330333617979092619e-04 -2.106673055492204027e-03 1.760545782102478074e-04
4.971800219205611441e-05 4.402872929269205886e-06 -5.026309529671520691e-03 3.051910614569490531e-05 7.026455614319429954e-08 -1.798588917193976636e-06 6.767903748619462292e-05 6.685957033090892624e-04 -2.458461818651530156e-06 -1.111643177646673131e-06 -3.410342738529644206e-06 3.609156803492532086e-07
1.850812055492307915e-07 5.319136295260523052e-09 4.795822304926737384e-05 7.026455614319429954e-08 8.755902567801502824e-09 -2.349046407039610381e-08 -1.342698835828124507e-07 -1.486868536258103971e-06 1.683199130061815569e-08 -3.614198114860507910e-08 3.338991797072520814e-08 -2.293695581073388406e-08
-3.690823051868884029e-06 -1.806524558011960446e-06 -1.330140588203360423e-03 -1.798588917193976636e-06 -2.349046407039610381e-08 8.924813948527817428e-07 -2.011654740834113790e-05 1.887790643658899539e-04 -7.192564123736252843e-07 -4.978229480244675462e-07 -1.156506356603685292e-06 -1.503330215694698824e-07
1.210516071913667291e-04 3.995074386147466367e-05 -3.022185920965671624e+00 6.767903748619462292e-05 -1.342698835828121595e-07 -2.011654740834113790e-05 1.685874742632854917e-01 -3.549369462630537764e-01 8.399050242613760394e-06 2.655874688675151152e-07 3.070706222668150606e-05 -1.141016707652298359e-05
2.518243406712986510e-03 -4.252511850761922442e-04 1.621756834410170045e+00 6.685957033090893708e-04 -1.486868536258104606e-06 1.887790643658899539e-04 -3.549369462630538874e-01 1.468812355930233293e+00 2.567962931691285667e-04 1.113059737138332528e-05 3.255611811371683976e-04 3.991454926851510193e-05
5.795745063964370660e-06 1.898247781291388961e-06 -1.344997388291260376e-03 -2.458461818651530156e-06 1.683199130061815569e-08 -7.192564123736252843e-07 8.399050242613760394e-06 2.567962931691286210e-04 8.688819185253556944e-06 -2.064243693287369549e-06 6.290330925951393329e-06 1.433716660358068366e-07
3.113105081128120091e-06 4.827893151441771314e-07 2.330333617979093433e-04 -1.111643177646673131e-06 -3.614198114860507910e-08 -4.978229480244675462e-07 2.655874688675102977e-07 1.113059737138333544e-05 -2.064243693287369549e-06 1.658843956186195693e-05 3.270778008297530848e-06 1.820584855180654019e-07
9.939047198312806248e-06 1.673237105587141375e-06 -2.106673055492204027e-03 -3.410342738529644206e-06 3.338991797072520814e-08 -1.156506356603685292e-06 3.070706222668149928e-05 3.255611811371684518e-04 6.290330925951393329e-06 3.270778008297530848e-06 1.036720903455058495e-05 -1.359868079878633715e-07
5.822274855703686688e-07 5.771112603366575086e-07 1.760545782102477532e-04 3.609156803492532086e-07 -2.293695581073388406e-08 -1.503330215694698824e-07 -1.141016707652298359e-05 3.991454926851510193e-05 1.433716660358068366e-07 1.820584855180654019e-07 -1.359868079878633715e-07 6.060232436526534678e-06
