# logA ns H0 tau ombh2 omch2 w wa Tcal Ecal A_planck P_act
1.060816517459764317e-04 5.927928318246668750e-06 -4.310767456126472167e-04 4.918575919202593390e-05 1.936310527673484272e-07 -3.524015153778907642e-06 -6.992013621916678685e-05 3.239940873689844719e-04 4.542059517710582395e-06 2.531776187805016052e-06 7.959303562520172434e-06 2.070168213229298480e-07
5.927928318246668750e-06 9.065293413542108690e-06 -1.095440891289235546e-04 3.871983175907526349e-06 -1.229400315629360132e-09 -1.149279646028785797e-06 -7.616033856589678507e-06 6.301421515923668996e-05 1.749982615728164063e-06 -2.245998342359218297e-07 1.324433367334223100e-06 4.966761435200115350e-07
-4.310767456126472167e-04 -1.095440891289235546e-04 3.455438993320644192e-01 -2.665945953453042940e-04 5.614582390420284475e-06 2.669878979086879375e-05 -1.674260131658176706e-02 9.768356599469729673e-03 2.619910999261064241e-05 -5.375377896207927291e-05 -1.830438113194744350e-05 -2.222520704798968948e-05
4.918575919202593390e-05 3.871983175907526349e-06 -2.665945953453042940e-04 3.119393599144322380e-05 6.246825648026663832e-08 -1.476140942468927403e-06 -2.086011357955216955e-05 1.219544300031520547e-04 -3.212566320407844000e-06 -1.670939519311337820e-06 -4.678301157235200322e-06 3.823427237600195941e-08
1.936310527673484272e-07 -1.229400315629360132e-09 5.614582390420284475e-06 6.246825648026663832e-08 9.112965882504494100e-09 -1.719756699832112494e-08 -3.633556087873015557e-07 1.631120384006192420e-06 1.811527810961099307e-08 -4.325524326572282557e-08 3.647667045200009095e-08 -2.186906816658160949e-08
-3.524015153778907642e-06 -1.149279646028785797e-06 2.669878979086879375e-05 -1.476140942468927403e-06 -1.719756699832112494e-08 6.109891661115157382e-07 6.865779955063234189e-06 -3.786042122346023247e-05 -6.512631962309853779e-07 -4.246456684175533514e-07 -1.072632146928738003e-06 -1.417119149382724224e-07
-6.992013621916678685e-05 -7.616033856589678507e-06 -1.674260131658176706e-02 -2.086011357955216617e-05 -3.633556087873015557e-07 6.865779955063234189e-06 2.190280932704958584e-03 -3.905721139566868498e-03 -1.281479856383521565e-05 -6.156822281048306189e-06 -2.063348388531952940e-05 -2.494260359889274349e-06
3.239940873689844719e-04 6.301421515923670352e-05 9.768356599469729673e-03 1.219544300031520547e-04 1.631120384006192420e-06 -3.786042122346023247e-05 -3.905721139566868498e-03 9.517919629768729906e-03 4.898779564210209935e-05 2.770717225234390317e-05 8.429562684662552871e-05 1.056506251293927424e-05
4.542059517710582395e-06 1.749982615728164063e-06 2.619910999261064241e-05 -3.212566320407844000e-06 1.811527810961099307e-08 -6.512631962309853779e-07 -1.281479856383521565e-05 4.898779564210209935e-05 8.407762900634375042e-06 -1.867472982615706499e-06 6.376138264341614027e-06 3.907293974386410163e-08
2.531776187805016052e-06 -2.245998342359218297e-07 -5.375377896207927291e-05 -1.670939519311337820e-06 -4.325524326572282557e-08 -4.246456684175533514e-07 -6.156822281048306189e-06 2.770717225234389978e-05 -1.867472982615706499e-06 1.620661638985344840e-05 3.391053901376683582e-06 5.844089458251178900e-07
7.959303562520172434e-06 1.324433367334223100e-06 -1.830438113194744350e-05 -4.678301157235200322e-06 3.647667045200009095e-08 -1.072632146928738003e-06 -2.063348388531952940e-05 8.429562684662552871e-05 6.376138264341614027e-06 3.391053901376683582e-06 1.056512758727603881e-05 -1.636802360687045196e-08
2.070168213229298480e-07 4.966761435200115350e-07 -2.222520704798968948e-05 3.823427237600191309e-08 -2.186906816658160949e-08 -1.417119149382724224e-07 -2.494260359889274349e-06 1.056506251293927424e-05 3.907293974386410163e-08 5.844089458251178900e-07 -1.636802360687045196e-08 6.113283577146515118e-06
