# logA ns H0 tau ombh2 omch2 w wa Tcal Ecal A_planck P_act
1.085362389974635626e-04 5.388727030871276485e-06 -2.141069039545708506e-04 4.995349203645683354e-05 1.861798421406762107e-07 -3.532742667292906059e-06 -8.085699008676679015e-05 5.659395134917032631e-04 5.398223664996503469e-06 1.634333458505275476e-06 8.314760529257479238e-06 5.358481899094657530e-07
5.388727030871276485e-06 9.425370204537376672e-06 4.621057149167975771e-05 3.397574420174605938e-06 -1.570989468193304290e-08 -1.111056925603622744e-06 -2.207595766053177511e-05 1.412383710252361339e-04 1.732980991282311150e-06 2.471557765209004615e-07 1.588179847897598854e-06 3.382530143991292595e-07
-2.141069039545708506e-04 4.621057149167975771e-05 3.633745608527004234e-01 -4.912226252993469631e-05 5.314190200844235944e-06 1.731965273678435000e-05 -1.879027555647306419e-02 2.288635114323382333e-02 -5.182567375591457090e-05 -9.118791859069219250e-05 -1.018655567237333314e-04 3.894338642191114179e-05
4.995349203645683354e-05 3.397574420174605514e-06 -4.912226252993470309e-05 3.136064969602625794e-05 6.500122342129019555e-08 -1.456725546417560441e-06 -2.629727914416297034e-05 1.973247484476471712e-04 -2.874465380194491000e-06 -1.964356306321803794e-06 -4.591087950460645832e-06 2.508105953579193785e-07
1.861798421406762107e-07 -1.570989468193304290e-08 5.314190200844235944e-06 6.500122342129019555e-08 9.378299093951095247e-09 -1.494724690335598000e-08 -2.719923785181921380e-07 2.327357413537724403e-06 1.011715024067178128e-08 -4.128641027357891157e-08 2.726171214364506212e-08 -2.982481647522778043e-08
-3.532742667292906059e-06 -1.111056925603622744e-06 1.731965273678435000e-05 -1.456725546417560441e-06 -1.494724690335598000e-08 5.906930017075278230e-07 7.861784655943211610e-06 -6.629742820730833547e-05 -6.280320085847941121e-07 -4.411608846838941286e-07 -1.071719601145104261e-06 -1.084441214631840493e-07
-8.085699008676679015e-05 -2.207595766053177511e-05 -1.879027555647306419e-02 -2.629727914416297034e-05 -2.719923785181921380e-07 7.861784655943211610e-06 3.004946841644915746e-03 -9.711631451265400131e-03 -1.418671081521930954e-05 -1.049493163120281967e-05 -2.346142144289785410e-05 -5.331451501418018221e-06
5.659395134917032631e-04 1.412383710252361339e-04 2.288635114323382333e-02 1.973247484476471712e-04 2.327357413537724403e-06 -6.629742820730833547e-05 -9.711631451265400131e-03 3.920251385664313970e-02 9.909736023020405450e-05 7.312585065786874564e-05 1.677002683014216990e-04 1.899458171869428344e-05
5.398223664996503469e-06 1.732980991282311150e-06 -5.182567375591457090e-05 -2.874465380194491000e-06 1.011715024067178128e-08 -6.280320085847941121e-07 -1.418671081521930954e-05 9.909736023020405450e-05 8.650241637269597824e-06 -2.098588492226355456e-06 6.456937848802349454e-06 5.097524511194509873e-08
1.634333458505275476e-06 2.471557765209004615e-07 -9.118791859069219250e-05 -1.964356306321803794e-06 -4.128641027357891157e-08 -4.411608846838941286e-07 -1.049493163120281967e-05 7.312585065786874564e-05 -2.098588492226355456e-06 1.675186638333304594e-05 3.398732931812355298e-06 2.761873679239596503e-07
8.314760529257479238e-06 1.588179847897598854e-06 -1.018655567237333314e-04 -4.591087950460645832e-06 2.726171214364506212e-08 -1.071719601145104261e-06 -2.346142144289785410e-05 1.677002683014216990e-04 6.456937848802349454e-06 3.398732931812355298e-06 1.071864101731715644e-05 -1.268949178806992668e-07
5.358481899094657530e-07 3.382530143991292595e-07 3.894338642191114179e-05 2.508105953579193785e-07 -2.982481647522778043e-08 -1.084441214631840493e-07 -5.331451501418018221e-06 1.899458171869429022e-05 5.097524511194509873e-08 2.761873679239596503e-07 -1.268949178806992668e-07 6.044464280401560873e-06
