# logA ns H0 tau ombh2 omch2 w wa Tcal Ecal A_planck P_act
9.974728409467934636e-05 6.016659067848670462e-06 -2.831018008349145626e-04 4.735753015948772918e-05 1.974551487364468910e-07 -3.074780515950994724e-06 -1.002054342969595810e-04 6.311365789028550383e-04 3.833081063192916208e-06 1.633696551020886569e-06 5.970917617084738590e-06 -8.608441822931132640e-08
6.016659067848670462e-06 9.186619353950348585e-06 -6.125102727852249932e-05 3.959272842928713918e-06 -1.909091079123612402e-08 -1.117174641296858675e-06 -1.631867162472482781e-05 1.350307768693086695e-04 1.806425787255487822e-06 1.207242805376608861e-07 1.270505954270958799e-06 5.401617992967366603e-07
-2.831018008349145626e-04 -6.125102727852249932e-05 3.574324713248898666e-01 -4.408642499382666835e-05 4.948316327426846325e-06 2.080112830179745256e-05 -1.810904084816508663e-02 2.084386387041192723e-02 -4.772947041264551956e-05 -1.110197174741364874e-04 -1.445595217032897499e-04 -2.139691708588494455e-05
4.735753015948772918e-05 3.959272842928713918e-06 -4.408642499382666835e-05 3.023880744827128430e-05 7.396191589914472384e-08 -1.287008725114398062e-06 -3.902492553579429719e-05 2.403346582250743602e-04 -2.994643298691791957e-06 -1.877497392713308560e-06 -4.972788659377025060e-06 8.401276072416960284e-08
1.974551487364468910e-07 -1.909091079123612402e-08 4.948316327426846325e-06 7.396191589914472384e-08 8.567805060837825523e-09 -1.330679071638671504e-08 -1.128297884889958498e-07 1.498588659793086246e-06 8.175678171309723407e-09 -2.768107546293215153e-08 2.513527205412359588e-08 -2.452631703240996460e-08
-3.074780515950994724e-06 -1.117174641296858675e-06 2.080112830179745256e-05 -1.287008725114398062e-06 -1.330679071638671504e-08 5.590791808319795216e-07 8.657069023031698995e-06 -6.860127693825588606e-05 -5.942791367674585306e-07 -4.151313712249912035e-07 -9.736436068032403711e-07 -1.310386970611695421e-07
-1.002054342969595810e-04 -1.631867162472482781e-05 -1.810904084816508663e-02 -3.902492553579429719e-05 -1.128297884889958498e-07 8.657069023031698995e-06 2.975780931974147513e-03 -9.761750225344405923e-03 -1.634982231334469803e-05 -7.677991117794022953e-06 -2.280716780295188273e-05 -8.751637595068303564e-07
6.311365789028550383e-04 1.350307768693086695e-04 2.084386387041193070e-02 2.403346582250743602e-04 1.498588659793086246e-06 -6.860127693825588606e-05 -9.761750225344405923e-03 3.991436678438796404e-02 1.061698357823296761e-04 6.545161762977190511e-05 1.662220282239372071e-04 1.155163710433099717e-05
3.833081063192916208e-06 1.806425787255487822e-06 -4.772947041264551956e-05 -2.994643298691791957e-06 8.175678171309723407e-09 -5.942791367674585306e-07 -1.634982231334469803e-05 1.061698357823296761e-04 8.244942875508393652e-06 -2.134394238320331248e-06 5.735696346256758631e-06 1.453077572740332755e-07
1.633696551020886569e-06 1.207242805376608861e-07 -1.110197174741364874e-04 -1.877497392713308560e-06 -2.768107546293215153e-08 -4.151313712249912035e-07 -7.677991117794022953e-06 6.545161762977191866e-05 -2.134394238320331248e-06 1.610643518369818459e-05 3.244000565045759707e-06 3.250160206664937474e-07
5.970917617084738590e-06 1.270505954270958799e-06 -1.445595217032897499e-04 -4.972788659377025060e-06 2.513527205412359588e-08 -9.736436068032403711e-07 -2.280716780295188273e-05 1.662220282239372071e-04 5.735696346256758631e-06 3.244000565045759707e-06 9.803829358557595048e-06 -2.331137780643795275e-07
-8.608441822931132640e-08 5.401617992967366603e-07 -2.139691708588494455e-05 8.401276072416960284e-08 -2.452631703240996460e-08 -1.310386970611695421e-07 -8.751637595068303564e-07 1.155163710433099209e-05 1.453077572740332755e-07 3.250160206664937474e-07 -2.331137780643795275e-07 5.997573922008296718e-06
