# logA ns H0 tau ombh2 omch2 w wa Tcal Ecal A_planck P_act
1.059520035153507079e-04 5.279344979683989487e-06 -3.262833709486342429e-04 4.992147006144563782e-05 1.836358089261401425e-07 -3.525205924096897641e-06 -6.433303074463735441e-05 5.151407795841684645e-04 4.196461276115900472e-06 3.036277730305484496e-06 6.999069121404032750e-06 1.227299909480767932e-06
5.279344979683989487e-06 8.638707038667377567e-06 1.231027792660532816e-05 3.558755295638399690e-06 -1.576805386094374254e-08 -1.137063036572450747e-06 -1.503920534151981537e-05 1.178615319467895027e-04 1.771387538269779145e-06 2.223927360269381824e-07 1.242609239477633329e-06 5.078568839082758829e-07
-3.262833709486342429e-04 1.231027792660532816e-05 3.960537443241481936e-01 -8.839150428302058903e-05 1.555867938179988102e-06 1.904198092292922395e-05 -1.875122340661443746e-02 1.786237313068146995e-02 -2.244063559060477015e-05 -6.284693666013657903e-05 -9.777331957353853093e-05 -2.933196764242193999e-05
4.992147006144563782e-05 3.558755295638399690e-06 -8.839150428302058903e-05 3.141418374954481677e-05 5.420168480403738585e-08 -1.556246374744406758e-06 -2.359768178611244111e-05 1.959188044353767403e-04 -2.865049661522730856e-06 -9.735292182788072260e-07 -4.529293661604372163e-06 7.324772382801783734e-07
1.836358089261401425e-07 -1.576805386094374254e-08 1.555867938179988102e-06 5.420168480403739909e-08 8.711030570802086964e-09 -1.397559385766362087e-08 4.516475692091858179e-08 1.456715091965306451e-06 1.500454730508169540e-08 -3.614748806375268526e-08 3.570426279432617397e-08 -2.867849898197626122e-08
-3.525205924096897641e-06 -1.137063036572450747e-06 1.904198092292922395e-05 -1.556246374744406758e-06 -1.397559385766362087e-08 6.117656185484083228e-07 7.547162743781504343e-06 -6.636061808716878956e-05 -6.201189073228532542e-07 -4.469378628265968255e-07 -9.866575928353679491e-07 -1.453699500571079023e-07
-6.433303074463735441e-05 -1.503920534151981537e-05 -1.875122340661443746e-02 -2.359768178611244111e-05 4.516475692091858179e-08 7.547162743781504343e-06 2.781799988235037369e-03 -8.797519733909464623e-03 -1.304330488509943484e-05 -9.061930260635274372e-06 -1.937397514255830415e-05 -2.773625364442155546e-06
5.151407795841684645e-04 1.178615319467895027e-04 1.786237313068146995e-02 1.959188044353767403e-04 1.456715091965306451e-06 -6.636061808716878956e-05 -8.797519733909464623e-03 3.622457913588671835e-02 8.991692932845495425e-05 6.527183487773028227e-05 1.470822802376002276e-04 2.058840481086161332e-05
4.196461276115900472e-06 1.771387538269779145e-06 -2.244063559060477015e-05 -2.865049661522730856e-06 1.500454730508169540e-08 -6.201189073228532542e-07 -1.304330488509943484e-05 8.991692932845495425e-05 8.419761142431177162e-06 -2.570555810788354321e-06 5.828566530472487589e-06 1.356195047953542431e-07
3.036277730305484496e-06 2.223927360269381824e-07 -6.284693666013657903e-05 -9.735292182788072260e-07 -3.614748806375268526e-08 -4.469378628265968255e-07 -9.061930260635274372e-06 6.527183487773029582e-05 -2.570555810788354321e-06 1.680476643179117823e-05 3.074501022287268746e-06 3.338013232643862660e-07
6.999069121404032750e-06 1.242609239477633329e-06 -9.777331957353853093e-05 -4.529293661604372163e-06 3.570426279432617397e-08 -9.866575928353679491e-07 -1.937397514255830415e-05 1.470822802376002005e-04 5.828566530472487589e-06 3.074501022287268746e-06 9.844877865281677451e-06 -2.090068094001135443e-07
1.227299909480767932e-06 5.078568839082758829e-07 -2.933196764242193999e-05 7.324772382801783734e-07 -2.867849898197626122e-08 -1.453699500571079023e-07 -2.773625364442155546e-06 2.058840481086161332e-05 1.356195047953542431e-07 3.338013232643862660e-07 -2.090068094001135443e-07 5.856835817966742625e-06
