# logA ns H0 tau ombh2 omch2 acritical Tcal Ecal A_planck P_act
1.151077941418861565e-04 4.652226988546313561e-06 -3.374751951715760506e-02 4.845965329579589678e-05 1.718047172947432736e-07 -3.195517508947902001e-06 -5.920060117628506320e-04 7.720487541333719589e-06 4.073744653306091177e-06 1.279941388226141212e-05 3.187058115432945271e-07
4.652226988546313561e-06 1.094219938114133360e-05 6.072581450155699681e-03 4.059613026097370340e-06 2.759295826980457502e-08 -1.995287040673836922e-06 8.841861929839470407e-05 1.849107598447620107e-06 2.458249696917557005e-07 1.552034291561343249e-06 3.491608989677051912e-07
-3.374751951715760506e-02 6.072581450155699681e-03 8.400093527561905660e+01 -6.087174838325621479e-03 1.325323717751855179e-04 -2.374034371333542601e-03 1.212143647369497534e+00 -5.326936325869198810e-03 -2.125425413046096255e-03 -7.894083137577636439e-03 -3.842563993245621612e-04
4.845965329579589678e-05 4.059613026097369493e-06 -6.087174838325621479e-03 2.936472131212769832e-05 9.044834211142764760e-08 -1.738915596791645485e-06 -1.054965384717908728e-04 -2.024642137097281230e-06 -1.149787997142720566e-06 -2.954275621888136285e-06 2.143950459206668576e-07
1.718047172947432736e-07 2.759295826980457502e-08 1.325323717751855179e-04 9.044834211142764760e-08 8.244145164576487436e-09 -2.855638596810029091e-08 2.034179870784276673e-06 2.614440149451996532e-09 -3.378089339571228512e-08 1.538744616675088371e-08 -2.064260055897548455e-08
-3.195517508947902001e-06 -1.995287040673836922e-06 -2.374034371333542601e-03 -1.738915596791645485e-06 -2.855638596810029091e-08 9.621798106601337539e-07 -3.364247593044323616e-05 -6.204589605730392008e-07 -4.805403405821514538e-07 -1.087009690746184283e-06 -1.096149837259345629e-07
-5.920060117628506320e-04 8.841861929839471763e-05 1.212143647369497534e+00 -1.054965384717908728e-04 2.034179870784276673e-06 -3.364247593044323616e-05 2.023640250281092193e-02 -9.902638552739280301e-05 -4.434959380336422522e-05 -1.499778076045040008e-04 -4.196924065721907492e-06
7.720487541333719589e-06 1.849107598447620107e-06 -5.326936325869198810e-03 -2.024642137097281230e-06 2.614440149451996532e-09 -6.204589605730392008e-07 -9.902638552739280301e-05 8.959921638080354102e-06 -1.910254195589301276e-06 6.744314947965320322e-06 1.278719152541797424e-07
4.073744653306091177e-06 2.458249696917557005e-07 -2.125425413046096255e-03 -1.149787997142720778e-06 -3.378089339571228512e-08 -4.805403405821514538e-07 -4.434959380336422522e-05 -1.910254195589301276e-06 1.669922535803346374e-05 3.822336579432944419e-06 1.783754016682983607e-07
1.279941388226141212e-05 1.552034291561343249e-06 -7.894083137577636439e-03 -2.954275621888136285e-06 1.538744616675088371e-08 -1.087009690746184283e-06 -1.499778076045040008e-04 6.744314947965320322e-06 3.822336579432944419e-06 1.137337908045908651e-05 -2.277811441710884391e-07
3.187058115432945271e-07 3.491608989677051912e-07 -3.842563993245622696e-04 2.143950459206668841e-07 -2.064260055897548455e-08 -1.096149837259345629e-07 -4.196924065721908339e-06 1.278719152541797424e-07 1.783754016682983607e-07 -2.277811441710884391e-07 6.121210982334329165e-06
