# logA ns H0 tau ombh2 omch2 w wa Tcal Ecal A_planck P_act
9.997074162792345413e-05 5.571311028073285404e-06 -6.113145544558126786e-05 4.695547396359571333e-05 1.726453398284816359e-07 -3.347476154649773618e-06 -4.990148866312704809e-05 3.849510936195924059e-04 3.991908746360241438e-06 3.051134976417318869e-06 7.055412074143147507e-06 4.457059417665712017e-07
5.571311028073285404e-06 8.813664803901197643e-06 -3.945945496121966119e-05 4.115276778224196545e-06 -1.053875897397714795e-08 -1.108032259625106336e-06 -5.804536695534630140e-06 8.355930575012288292e-05 1.371259632713043982e-06 3.909708011159741962e-08 8.204101397557604359e-07 5.008120187138091806e-07
-6.113145544558126786e-05 -3.945945496121966119e-05 3.656256053019596997e-01 2.426382905662018063e-05 6.083945692284751768e-06 5.076944308561919799e-06 -1.694844271977636804e-02 1.487279902122340923e-02 -6.142960728151023245e-05 -7.352215612714623719e-05 -8.567230496984946583e-05 -1.266113699423789676e-05
4.695547396359571333e-05 4.115276778224196545e-06 2.426382905662018740e-05 2.969110886326339576e-05 5.941768577329332134e-08 -1.522865533090756694e-06 -1.647681936271943684e-05 1.405414223771778788e-04 -2.704774032149077541e-06 -1.216724193212989950e-06 -4.146459380531152823e-06 3.248189934309790650e-07
1.726453398284816359e-07 -1.053875897397714795e-08 6.083945692284751768e-06 5.941768577329332134e-08 8.487306489752886828e-09 -1.472547600703873861e-08 -1.620655431718154453e-07 1.530746678670248845e-06 1.627462231865036403e-08 -4.166402359155203349e-08 2.808698502245886733e-08 -2.811154922478302509e-08
-3.347476154649773618e-06 -1.108032259625106336e-06 5.076944308561919799e-06 -1.522865533090756694e-06 -1.472547600703873861e-08 5.836503761079695983e-07 3.542341905335098327e-06 -4.419500593077185080e-05 -5.440348286024801612e-07 -4.061866366077344790e-07 -9.189215755729446476e-07 -1.065597346660816401e-07
-4.990148866312704809e-05 -5.804536695534630140e-06 -1.694844271977636804e-02 -1.647681936271943684e-05 -1.620655431718154453e-07 3.542341905335098327e-06 1.733558900183886911e-03 -4.430845109371466840e-03 -6.756336278762516529e-06 -7.784083869919520727e-06 -1.328275394790070437e-05 -1.575587227047127155e-06
3.849510936195924059e-04 8.355930575012288292e-05 1.487279902122340923e-02 1.405414223771778788e-04 1.530746678670249481e-06 -4.419500593077185080e-05 -4.430845109371466840e-03 1.714672259712695865e-02 6.383366556282822233e-05 5.517749506831678285e-05 1.110674075578797911e-04 1.126677150453626189e-05
3.991908746360241438e-06 1.371259632713043982e-06 -6.142960728151023245e-05 -2.704774032149077541e-06 1.627462231865036403e-08 -5.440348286024801612e-07 -6.756336278762516529e-06 6.383366556282822233e-05 7.963084597528841599e-06 -2.286183464904432949e-06 5.412572199441969208e-06 1.319963701284878357e-07
3.051134976417318869e-06 3.909708011159741962e-08 -7.352215612714623719e-05 -1.216724193212989950e-06 -4.166402359155203349e-08 -4.061866366077344790e-07 -7.784083869919520727e-06 5.517749506831678285e-05 -2.286183464904432949e-06 1.669228758043002220e-05 3.273290402496458060e-06 2.976284435207316781e-07
7.055412074143147507e-06 8.204101397557604359e-07 -8.567230496984946583e-05 -4.146459380531152823e-06 2.808698502245886733e-08 -9.189215755729446476e-07 -1.328275394790070437e-05 1.110674075578797911e-04 5.412572199441969208e-06 3.273290402496458060e-06 9.375622119752268540e-06 -1.938786380969008560e-07
4.457059417665712017e-07 5.008120187138091806e-07 -1.266113699423789676e-05 3.248189934309790650e-07 -2.811154922478302509e-08 -1.065597346660816401e-07 -1.575587227047127155e-06 1.126677150453626189e-05 1.319963701284878357e-07 2.976284435207316781e-07 -1.938786380969008560e-07 5.925838162671715152e-06
