# logA ns H0 tau ombh2 omch2 w wa Tcal Ecal A_planck P_act
1.149859992859631922e-04 5.745240957649896072e-06 -2.073067675744774338e-02 5.122026632978408060e-05 1.744183866512615750e-07 -3.545114267422503348e-06 2.856038996353538932e-04 2.301799699426821787e-03 6.421478216439435630e-06 3.376914739913282795e-06 1.031123798945165756e-05 2.795293795514236760e-07
5.745240957649896072e-06 1.037460897600605216e-05 2.721240213980946447e-03 4.121296107806411151e-06 1.707831054060551923e-08 -1.750977613167369948e-06 3.771402357934916494e-05 -3.846986971805720036e-04 1.951714108874693891e-06 2.334670559490988256e-07 1.676063853310934560e-06 5.187004625942088468e-07
-2.073067675744774338e-02 2.721240213980946447e-03 9.512939762883596018e+01 -5.260696850293072532e-03 4.262933579737147774e-05 -8.574725875233957847e-04 -3.642802673226805954e+00 2.955121273239003532e+00 -2.599549711751570485e-03 -1.245170303365893908e-03 -4.058201173717205547e-03 4.797208416679942601e-06
5.122026632978408060e-05 4.121296107806411151e-06 -5.260696850293070798e-03 3.134950891226143376e-05 7.509946015567927314e-08 -1.659905745927790302e-06 1.110814260755276997e-04 4.974230703685423574e-04 -2.370792213863133187e-06 -1.186733931217880120e-06 -3.672583884355606224e-06 1.034899708523908336e-07
1.744183866512615750e-07 1.707831054060551923e-08 4.262933579737147774e-05 7.509946015567927314e-08 8.939634412575549335e-09 -2.557761836344345751e-08 1.523152923052648914e-06 -8.193744376395901546e-06 1.217218924650772916e-08 -3.446667770779673151e-08 2.639624252503827718e-08 -2.434066607011043454e-08
-3.545114267422503348e-06 -1.750977613167369948e-06 -8.574725875233957847e-04 -1.659905745927790302e-06 -2.557761836344345751e-08 8.648584219461463035e-07 -2.374508112551170099e-05 1.421796096584318470e-04 -7.430522329202947028e-07 -4.985291381156091987e-07 -1.203759428347488295e-06 -1.527861668987562688e-07
2.856038996353538932e-04 3.771402357934916494e-05 -3.642802673226805954e+00 1.110814260755277268e-04 1.523152923052648914e-06 -2.374508112551169760e-05 2.077078336224354449e-01 -4.321249319114647269e-01 3.934652337307127369e-05 1.337156421629977069e-05 6.051230693465175283e-05 -3.861352154780140924e-06
2.301799699426821354e-03 -3.846986971805720036e-04 2.955121273239003532e+00 4.974230703685423574e-04 -8.193744376395901546e-06 1.421796096584318470e-04 -4.321249319114647269e-01 1.622806493317789922e+00 3.032029205640615860e-04 1.751243292536152837e-04 4.772876120614032006e-04 2.678320365844689204e-05
6.421478216439435630e-06 1.951714108874693891e-06 -2.599549711751570485e-03 -2.370792213863133187e-06 1.217218924650772916e-08 -7.430522329202947028e-07 3.934652337307128047e-05 3.032029205640615860e-04 8.798502479829989703e-06 -2.107351250011353962e-06 6.562860338399848891e-06 2.043447010643027925e-07
3.376914739913282795e-06 2.334670559490988256e-07 -1.245170303365893691e-03 -1.186733931217880120e-06 -3.446667770779673151e-08 -4.985291381156091987e-07 1.337156421629976053e-05 1.751243292536152837e-04 -2.107351250011353962e-06 1.665803033127770020e-05 3.528310162410657216e-06 1.638716675446135808e-07
1.031123798945165756e-05 1.676063853310934560e-06 -4.058201173717205547e-03 -3.672583884355606648e-06 2.639624252503827718e-08 -1.203759428347488295e-06 6.051230693465173928e-05 4.772876120614034175e-04 6.562860338399848891e-06 3.528310162410657216e-06 1.094207403809652351e-05 -7.056231595297269268e-08
2.795293795514236760e-07 5.187004625942088468e-07 4.797208416679925660e-06 1.034899708523907939e-07 -2.434066607011043454e-08 -1.527861668987562688e-07 -3.861352154780136689e-06 2.678320365844689204e-05 2.043447010643027925e-07 1.638716675446135808e-07 -7.056231595297269268e-08 6.255737808456337328e-06
